#=====================================================
# File created:        Fri-15-Mar-2024-at-01-02-42AM
# Size of lattice:     50x50
# Number of MC steps:  150
# Reduced temperature: 0.500
# Run time (s):        8.414083
#=====================================================
# MC step:  Ratio:     Energy:   Order:
#=====================================================
   00000    0.5000 -6181090.2484  0.2642 
   00001    0.4480 -9871686.9352  0.2711 
   00002    0.3480 -12324317.9767  0.2821 
   00003    0.3072 -14138899.1548  0.3000 
   00004    0.2768 -15632874.4373  0.3104 
   00005    0.2488 -16843536.3158  0.3206 
   00006    0.2104 -17688560.0195  0.3229 
   00007    0.1912 -18486025.9053  0.3250 
   00008    0.1984 -19106301.3527  0.3278 
   00009    0.1760 -19637893.6536  0.3318 
   00010    0.1500 -20097940.3748  0.3373 
   00011    0.1452 -20476734.5186  0.3336 
   00012    0.1400 -20840914.2060  0.3348 
   00013    0.1252 -21092682.4793  0.3362 
   00014    0.1252 -21351068.1093  0.3389 
   00015    0.1236 -21535243.5791  0.3403 
   00016    0.1020 -21704101.0581  0.3438 
   00017    0.1004 -21840743.4201  0.3457 
   00018    0.1060 -21960049.0293  0.3511 
   00019    0.1052 -22078873.9233  0.3514 
   00020    0.0856 -22179735.4136  0.3537 
   00021    0.0892 -22283656.9020  0.3547 
   00022    0.0916 -22384705.0999  0.3578 
   00023    0.0884 -22466520.0097  0.3611 
   00024    0.0992 -22564807.2160  0.3623 
   00025    0.0748 -22624119.6745  0.3626 
   00026    0.0784 -22672804.1514  0.3635 
   00027    0.0772 -22731334.2687  0.3645 
   00028    0.0640 -22770227.8008  0.3665 
   00029    0.0648 -22811937.6640  0.3667 
   00030    0.0616 -22844093.0680  0.3671 
   00031    0.0688 -22878823.2410  0.3690 
   00032    0.0632 -22916761.8140  0.3699 
   00033    0.0488 -22938042.2290  0.3710 
   00034    0.0664 -22976118.5381  0.3727 
   00035    0.0600 -23005644.9410  0.3741 
   00036    0.0608 -23044308.7653  0.3754 
   00037    0.0556 -23071394.6996  0.3775 
   00038    0.0536 -23094208.0105  0.3786 
   00039    0.0564 -23126866.8055  0.3800 
   00040    0.0548 -23151585.1291  0.3811 
   00041    0.0544 -23176925.5561  0.3818 
   00042    0.0604 -23212089.9929  0.3825 
   00043    0.0560 -23245274.0402  0.3839 
   00044    0.0540 -23274281.6974  0.3860 
   00045    0.0552 -23291008.0337  0.3864 
   00046    0.0524 -23318823.7734  0.3875 
   00047    0.0484 -23336700.6625  0.3881 
   00048    0.0480 -23355377.1620  0.3887 
   00049    0.0528 -23382362.1968  0.3888 
   00050    0.0512 -23400020.4682  0.3895 
   00051    0.0476 -23417439.1227  0.3902 
   00052    0.0400 -23437214.9273  0.3907 
   00053    0.0524 -23453733.4056  0.3913 
   00054    0.0444 -23468157.6484  0.3914 
   00055    0.0452 -23483519.3145  0.3913 
   00056    0.0432 -23494793.3676  0.3911 
   00057    0.0440 -23506993.7707  0.3925 
   00058    0.0516 -23520203.3551  0.3933 
   00059    0.0520 -23535993.7103  0.3938 
   00060    0.0412 -23543880.9100  0.3949 
   00061    0.0372 -23552732.6709  0.3953 
   00062    0.0356 -23559386.3013  0.3956 
   00063    0.0424 -23576320.5991  0.3968 
   00064    0.0444 -23590139.3627  0.3973 
   00065    0.0396 -23598642.2146  0.3980 
   00066    0.0372 -23606282.8891  0.3986 
   00067    0.0388 -23614378.2662  0.3993 
   00068    0.0424 -23628817.5142  0.4000 
   00069    0.0408 -23638347.4773  0.4006 
   00070    0.0440 -23643768.2848  0.4013 
   00071    0.0384 -23650120.8099  0.4012 
   00072    0.0308 -23658590.2362  0.4016 
   00073    0.0424 -23664505.1990  0.4021 
   00074    0.0352 -23669720.5397  0.4023 
   00075    0.0352 -23676142.3867  0.4027 
   00076    0.0424 -23684286.0333  0.4035 
   00077    0.0392 -23690195.9260  0.4040 
   00078    0.0368 -23696995.0615  0.4041 
   00079    0.0356 -23702183.5602  0.4041 
   00080    0.0300 -23705726.1807  0.4042 
   00081    0.0360 -23710602.8072  0.4043 
   00082    0.0348 -23718355.2876  0.4043 
   00083    0.0372 -23730026.1142  0.4049 
   00084    0.0400 -23735757.8356  0.4051 
   00085    0.0344 -23739307.7102  0.4053 
   00086    0.0328 -23742785.0626  0.4054 
   00087    0.0380 -23755557.1148  0.4058 
   00088    0.0320 -23761194.9319  0.4058 
   00089    0.0356 -23767685.4980  0.4059 
   00090    0.0348 -23770627.3901  0.4058 
   00091    0.0316 -23775175.7957  0.4060 
   00092    0.0384 -23784491.0518  0.4066 
   00093    0.0300 -23789106.3988  0.4071 
   00094    0.0296 -23798006.7731  0.4081 
   00095    0.0264 -23803040.1555  0.4082 
   00096    0.0340 -23807225.3690  0.4086 
   00097    0.0264 -23811236.8394  0.4090 
   00098    0.0328 -23815853.6401  0.4096 
   00099    0.0260 -23819109.5665  0.4098 
   00100    0.0344 -23824025.9974  0.4102 
   00101    0.0248 -23826087.5025  0.4105 
   00102    0.0280 -23829328.6740  0.4108 
   00103    0.0280 -23832906.1999  0.4108 
   00104    0.0316 -23837665.9849  0.4117 
   00105    0.0272 -23842046.0655  0.4119 
   00106    0.0304 -23844915.4655  0.4122 
   00107    0.0296 -23848214.1323  0.4128 
   00108    0.0316 -23851480.4156  0.4133 
   00109    0.0316 -23858617.4245  0.4140 
   00110    0.0292 -23866707.8240  0.4144 
   00111    0.0280 -23873749.1820  0.4153 
   00112    0.0304 -23882116.7519  0.4159 
   00113    0.0332 -23888184.5883  0.4165 
   00114    0.0268 -23894492.8275  0.4172 
   00115    0.0312 -23898107.0784  0.4177 
   00116    0.0284 -23902602.2992  0.4178 
   00117    0.0240 -23904552.4721  0.4180 
   00118    0.0328 -23908394.3602  0.4182 
   00119    0.0280 -23911461.0710  0.4185 
   00120    0.0260 -23913936.9397  0.4189 
   00121    0.0308 -23917238.2328  0.4191 
   00122    0.0248 -23918690.2495  0.4194 
   00123    0.0336 -23921276.1504  0.4200 
   00124    0.0288 -23924271.4778  0.4201 
   00125    0.0252 -23926445.9087  0.4204 
   00126    0.0276 -23928628.7019  0.4209 
   00127    0.0272 -23930810.6114  0.4210 
   00128    0.0260 -23932547.3338  0.4211 
   00129    0.0228 -23933890.6905  0.4213 
   00130    0.0224 -23935595.2452  0.4213 
   00131    0.0268 -23937549.0519  0.4216 
   00132    0.0240 -23939224.8911  0.4215 
   00133    0.0256 -23940484.2822  0.4218 
   00134    0.0276 -23942266.0193  0.4222 
   00135    0.0268 -23944271.1157  0.4224 
   00136    0.0256 -23945887.5648  0.4223 
   00137    0.0312 -23948096.3503  0.4230 
   00138    0.0316 -23949561.4448  0.4230 
   00139    0.0276 -23951545.3012  0.4231 
   00140    0.0256 -23953936.2528  0.4231 
   00141    0.0308 -23956104.8703  0.4236 
   00142    0.0328 -23958486.5994  0.4235 
   00143    0.0264 -23960769.0555  0.4234 
   00144    0.0284 -23962822.8628  0.4236 
   00145    0.0224 -23964043.2038  0.4237 
   00146    0.0212 -23969525.0082  0.4238 
   00147    0.0248 -23971276.3206  0.4241 
   00148    0.0292 -23975046.4986  0.4244 
   00149    0.0188 -23976022.9524  0.4244 
   00150    0.0296 -23979616.4888  0.4246 
