#=====================================================
# File created:        Fri-15-Mar-2024-at-01-03-35AM
# Size of lattice:     50x50
# Number of MC steps:  200
# Reduced temperature: 0.500
# Run time (s):        11.227616
#=====================================================
# MC step:  Ratio:     Energy:   Order:
#=====================================================
   00000    0.5000 -6560514.8056  0.2571 
   00001    0.4416 -10198622.1154  0.2644 
   00002    0.3572 -12632885.2911  0.2674 
   00003    0.3048 -14404834.7362  0.2746 
   00004    0.2716 -15764473.4641  0.2849 
   00005    0.2428 -16910503.3035  0.2855 
   00006    0.2076 -17771341.5881  0.2867 
   00007    0.1856 -18488087.8975  0.2854 
   00008    0.1808 -19076851.4207  0.2865 
   00009    0.1528 -19447199.1789  0.2944 
   00010    0.1528 -19887376.9802  0.2953 
   00011    0.1420 -20242436.0292  0.2990 
   00012    0.1340 -20538752.7988  0.2995 
   00013    0.1204 -20764001.7709  0.3014 
   00014    0.1488 -21038932.2541  0.3032 
   00015    0.1168 -21236941.2845  0.3086 
   00016    0.1052 -21415000.0176  0.3108 
   00017    0.1016 -21564228.6631  0.3118 
   00018    0.1092 -21726721.7470  0.3124 
   00019    0.0952 -21839804.8304  0.3127 
   00020    0.0960 -21969866.9319  0.3132 
   00021    0.0900 -22081048.2967  0.3126 
   00022    0.0876 -22179917.3083  0.3142 
   00023    0.0828 -22280490.3753  0.3160 
   00024    0.0828 -22362102.4010  0.3182 
   00025    0.0848 -22438077.0853  0.3197 
   00026    0.0836 -22499907.7095  0.3220 
   00027    0.0828 -22557179.7758  0.3236 
   00028    0.0680 -22601560.1270  0.3262 
   00029    0.0848 -22655200.8439  0.3295 
   00030    0.0708 -22697697.3118  0.3306 
   00031    0.0748 -22734558.1470  0.3318 
   00032    0.0564 -22765538.2019  0.3332 
   00033    0.0760 -22807586.7509  0.3352 
   00034    0.0648 -22847339.3451  0.3368 
   00035    0.0584 -22877056.9362  0.3384 
   00036    0.0632 -22906577.7355  0.3397 
   00037    0.0620 -22937001.1674  0.3416 
   00038    0.0648 -22962650.9359  0.3425 
   00039    0.0668 -22988396.0326  0.3432 
   00040    0.0576 -23028547.6369  0.3458 
   00041    0.0616 -23055936.0685  0.3466 
   00042    0.0476 -23073925.0970  0.3469 
   00043    0.0484 -23093167.6098  0.3472 
   00044    0.0516 -23108524.8626  0.3480 
   00045    0.0492 -23127211.0702  0.3491 
   00046    0.0540 -23145983.3673  0.3486 
   00047    0.0576 -23167571.3841  0.3487 
   00048    0.0532 -23184266.6818  0.3495 
   00049    0.0504 -23195271.3090  0.3500 
   00050    0.0428 -23206539.2258  0.3505 
   00051    0.0500 -23221634.1331  0.3509 
   00052    0.0500 -23233719.9356  0.3509 
   00053    0.0456 -23244723.4119  0.3523 
   00054    0.0440 -23257950.6069  0.3535 
   00055    0.0432 -23268554.9381  0.3538 
   00056    0.0500 -23284979.7267  0.3546 
   00057    0.0408 -23296642.1308  0.3545 
   00058    0.0504 -23307575.6929  0.3553 
   00059    0.0428 -23319044.0238  0.3558 
   00060    0.0440 -23327252.7254  0.3566 
   00061    0.0424 -23341030.9087  0.3580 
   00062    0.0432 -23350541.5605  0.3584 
   00063    0.0452 -23358250.0480  0.3589 
   00064    0.0396 -23367005.9600  0.3601 
   00065    0.0496 -23380859.1711  0.3615 
   00066    0.0492 -23392918.6046  0.3619 
   00067    0.0480 -23409381.9544  0.3625 
   00068    0.0404 -23418495.6749  0.3632 
   00069    0.0420 -23424163.9167  0.3643 
   00070    0.0420 -23437021.0841  0.3650 
   00071    0.0392 -23446265.9293  0.3653 
   00072    0.0392 -23452162.4998  0.3657 
   00073    0.0420 -23458418.5360  0.3663 
   00074    0.0336 -23467169.4708  0.3670 
   00075    0.0388 -23474133.7647  0.3674 
   00076    0.0388 -23478459.4840  0.3677 
   00077    0.0344 -23485652.9499  0.3686 
   00078    0.0364 -23496043.3143  0.3697 
   00079    0.0376 -23504293.2790  0.3708 
   00080    0.0360 -23515574.9677  0.3719 
   00081    0.0372 -23522506.1536  0.3728 
   00082    0.0348 -23528866.1736  0.3733 
   00083    0.0388 -23534845.1759  0.3741 
   00084    0.0308 -23538913.8408  0.3746 
   00085    0.0440 -23551594.8705  0.3750 
   00086    0.0396 -23565895.2441  0.3756 
   00087    0.0348 -23573015.3504  0.3764 
   00088    0.0280 -23578684.5022  0.3764 
   00089    0.0336 -23589680.6871  0.3773 
   00090    0.0328 -23595554.7996  0.3780 
   00091    0.0312 -23602253.8727  0.3785 
   00092    0.0328 -23607840.2375  0.3791 
   00093    0.0356 -23614756.0648  0.3798 
   00094    0.0356 -23621497.9463  0.3797 
   00095    0.0276 -23627661.3047  0.3806 
   00096    0.0388 -23632917.1979  0.3811 
   00097    0.0384 -23645486.6059  0.3813 
   00098    0.0320 -23652730.9281  0.3814 
   00099    0.0340 -23657649.2800  0.3821 
   00100    0.0320 -23662766.8832  0.3820 
   00101    0.0416 -23667955.7900  0.3828 
   00102    0.0304 -23673174.3254  0.3832 
   00103    0.0324 -23679863.2083  0.3836 
   00104    0.0372 -23684958.4210  0.3838 
   00105    0.0284 -23689082.4467  0.3843 
   00106    0.0324 -23692623.6928  0.3848 
   00107    0.0328 -23700156.8202  0.3855 
   00108    0.0300 -23705802.2248  0.3861 
   00109    0.0244 -23712134.5297  0.3866 
   00110    0.0356 -23719400.1154  0.3871 
   00111    0.0328 -23730033.7851  0.3875 
   00112    0.0328 -23733120.4747  0.3877 
   00113    0.0352 -23743094.1418  0.3881 
   00114    0.0328 -23748726.7983  0.3883 
   00115    0.0308 -23753333.7926  0.3891 
   00116    0.0312 -23758314.9587  0.3897 
   00117    0.0280 -23763472.2009  0.3899 
   00118    0.0312 -23766538.1387  0.3901 
   00119    0.0252 -23769415.0547  0.3905 
   00120    0.0260 -23772477.2953  0.3911 
   00121    0.0352 -23776381.5012  0.3913 
   00122    0.0312 -23779883.5996  0.3917 
   00123    0.0348 -23783515.5568  0.3923 
   00124    0.0276 -23786203.0035  0.3925 
   00125    0.0272 -23788946.0335  0.3926 
   00126    0.0280 -23791609.0995  0.3929 
   00127    0.0336 -23795025.1585  0.3934 
   00128    0.0216 -23797069.2804  0.3934 
   00129    0.0232 -23799345.0969  0.3932 
   00130    0.0304 -23802221.0287  0.3935 
   00131    0.0244 -23803610.0318  0.3937 
   00132    0.0308 -23806056.5988  0.3942 
   00133    0.0284 -23809011.6389  0.3945 
   00134    0.0252 -23811411.2783  0.3948 
   00135    0.0276 -23813340.4543  0.3951 
   00136    0.0272 -23815702.3152  0.3956 
   00137    0.0324 -23819240.6828  0.3962 
   00138    0.0260 -23821606.4558  0.3967 
   00139    0.0316 -23835109.0968  0.3975 
   00140    0.0184 -23838340.3600  0.3978 
   00141    0.0308 -23841923.5448  0.3980 
   00142    0.0248 -23845268.5838  0.3987 
   00143    0.0248 -23850324.5370  0.3988 
   00144    0.0220 -23852761.2199  0.3989 
   00145    0.0252 -23856067.0432  0.3995 
   00146    0.0256 -23859564.3627  0.3999 
   00147    0.0264 -23862910.0416  0.4004 
   00148    0.0328 -23868361.5870  0.4009 
   00149    0.0232 -23870857.6494  0.4011 
   00150    0.0252 -23874160.1057  0.4014 
   00151    0.0208 -23876240.0149  0.4019 
   00152    0.0316 -23880726.6912  0.4019 
   00153    0.0236 -23890450.4708  0.4015 
   00154    0.0324 -23895727.6839  0.4023 
   00155    0.0248 -23900901.7726  0.4029 
   00156    0.0284 -23906397.5845  0.4037 
   00157    0.0272 -23909064.8946  0.4043 
   00158    0.0272 -23911696.9479  0.4049 
   00159    0.0232 -23913642.3303  0.4049 
   00160    0.0216 -23915578.5913  0.4050 
   00161    0.0212 -23917954.4701  0.4056 
   00162    0.0280 -23920514.1456  0.4061 
   00163    0.0280 -23922873.0698  0.4063 
   00164    0.0272 -23925430.3490  0.4064 
   00165    0.0220 -23928673.8663  0.4067 
   00166    0.0248 -23929964.1601  0.4070 
   00167    0.0248 -23932071.1526  0.4073 
   00168    0.0224 -23933790.5822  0.4075 
   00169    0.0260 -23935780.6787  0.4075 
   00170    0.0224 -23937754.9256  0.4075 
   00171    0.0260 -23942033.4710  0.4082 
   00172    0.0276 -23944246.3686  0.4083 
   00173    0.0248 -23946077.3509  0.4086 
   00174    0.0292 -23948888.0347  0.4095 
   00175    0.0268 -23951709.0026  0.4098 
   00176    0.0272 -23953598.8877  0.4104 
   00177    0.0220 -23955753.0516  0.4108 
   00178    0.0264 -23958708.0828  0.4114 
   00179    0.0204 -23959879.0227  0.4115 
   00180    0.0276 -23961506.1868  0.4116 
   00181    0.0212 -23964396.2509  0.4123 
   00182    0.0232 -23967949.0703  0.4129 
   00183    0.0228 -23975880.7135  0.4131 
   00184    0.0264 -23980885.2466  0.4137 
   00185    0.0264 -23988276.8311  0.4148 
   00186    0.0264 -23992571.6284  0.4154 
   00187    0.0232 -23994193.9570  0.4156 
   00188    0.0228 -23996645.1202  0.4160 
   00189    0.0276 -24002573.9827  0.4164 
   00190    0.0324 -24007272.5776  0.4167 
   00191    0.0264 -24010170.1133  0.4170 
   00192    0.0212 -24013448.0245  0.4174 
   00193    0.0200 -24015336.3124  0.4179 
   00194    0.0204 -24016657.1813  0.4180 
   00195    0.0264 -24018964.4965  0.4186 
   00196    0.0224 -24020702.6503  0.4190 
   00197    0.0196 -24022707.7420  0.4191 
   00198    0.0216 -24024845.5560  0.4196 
   00199    0.0216 -24026708.9276  0.4199 
   00200    0.0248 -24031067.3351  0.4203 
