#=====================================================
# File created:        Fri-15-Mar-2024-at-01-01-49AM
# Size of lattice:     50x50
# Number of MC steps:  75
# Reduced temperature: 0.500
# Run time (s):        4.167205
#=====================================================
# MC step:  Ratio:     Energy:   Order:
#=====================================================
   00000    0.5000 -5856040.5891  0.2544 
   00001    0.4496 -9808036.1332  0.2572 
   00002    0.3500 -12071796.7719  0.2658 
   00003    0.2952 -13889612.3705  0.2715 
   00004    0.2716 -15412848.4995  0.2672 
   00005    0.2580 -16539070.1231  0.2650 
   00006    0.2160 -17467951.7774  0.2669 
   00007    0.2016 -18207382.7899  0.2674 
   00008    0.1868 -18916350.0158  0.2686 
   00009    0.1652 -19418059.8894  0.2664 
   00010    0.1728 -19933066.8021  0.2658 
   00011    0.1392 -20266609.0155  0.2647 
   00012    0.1456 -20554406.7029  0.2639 
   00013    0.1532 -20905673.6904  0.2628 
   00014    0.1332 -21132140.1634  0.2625 
   00015    0.1028 -21292049.3203  0.2600 
   00016    0.1156 -21511279.6908  0.2616 
   00017    0.1052 -21652928.7396  0.2628 
   00018    0.0936 -21769347.3273  0.2634 
   00019    0.0948 -21903014.4520  0.2634 
   00020    0.1020 -22032490.6302  0.2639 
   00021    0.0888 -22148086.0259  0.2653 
   00022    0.0768 -22226826.7876  0.2654 
   00023    0.0752 -22278529.7417  0.2644 
   00024    0.0848 -22363148.3427  0.2636 
   00025    0.0732 -22407959.5905  0.2634 
   00026    0.0796 -22472068.4624  0.2639 
   00027    0.0712 -22516783.6125  0.2638 
   00028    0.0788 -22573224.1199  0.2647 
   00029    0.0836 -22622712.4278  0.2655 
   00030    0.0676 -22669430.1926  0.2650 
   00031    0.0740 -22708212.8738  0.2654 
   00032    0.0604 -22742309.0299  0.2657 
   00033    0.0636 -22791178.9564  0.2664 
   00034    0.0528 -22816901.8194  0.2671 
   00035    0.0668 -22857779.5175  0.2668 
   00036    0.0576 -22887197.4229  0.2667 
   00037    0.0532 -22910626.4787  0.2671 
   00038    0.0656 -22939924.9089  0.2668 
   00039    0.0612 -22962096.8694  0.2677 
   00040    0.0676 -22989471.5411  0.2684 
   00041    0.0524 -23005515.3291  0.2691 
   00042    0.0476 -23023157.9668  0.2685 
   00043    0.0496 -23041525.5982  0.2688 
   00044    0.0472 -23058982.8087  0.2695 
   00045    0.0592 -23078317.5742  0.2690 
   00046    0.0596 -23091815.4257  0.2696 
   00047    0.0472 -23110987.1402  0.2706 
   00048    0.0440 -23122559.1770  0.2707 
   00049    0.0464 -23132396.1387  0.2710 
   00050    0.0536 -23145393.5281  0.2714 
   00051    0.0448 -23155239.3309  0.2712 
   00052    0.0480 -23169346.3235  0.2712 
   00053    0.0492 -23180488.0527  0.2712 
   00054    0.0468 -23193528.2227  0.2713 
   00055    0.0444 -23203325.5393  0.2721 
   00056    0.0452 -23211236.7006  0.2724 
   00057    0.0448 -23217984.7583  0.2727 
   00058    0.0480 -23229988.8691  0.2731 
   00059    0.0452 -23237879.2159  0.2732 
   00060    0.0400 -23245012.8537  0.2736 
   00061    0.0400 -23254512.7248  0.2748 
   00062    0.0464 -23262557.2952  0.2747 
   00063    0.0420 -23270589.7764  0.2755 
   00064    0.0320 -23274320.2125  0.2759 
   00065    0.0416 -23281497.1144  0.2755 
   00066    0.0364 -23287657.1116  0.2756 
   00067    0.0340 -23294012.2794  0.2757 
   00068    0.0468 -23301114.4419  0.2754 
   00069    0.0368 -23307885.3891  0.2759 
   00070    0.0384 -23313262.7813  0.2759 
   00071    0.0400 -23318730.5502  0.2758 
   00072    0.0372 -23322558.6231  0.2759 
   00073    0.0380 -23328194.8022  0.2763 
   00074    0.0352 -23334305.1337  0.2765 
   00075    0.0356 -23338652.4175  0.2765 
