#=====================================================
# File created:        Fri-15-Mar-2024-at-01-01-12AM
# Size of lattice:     50x50
# Number of MC steps:  25
# Reduced temperature: 0.500
# Run time (s):        1.376624
#=====================================================
# MC step:  Ratio:     Energy:   Order:
#=====================================================
   00000    0.5000 -6145477.7369  0.2605 
   00001    0.4508 -9951403.5561  0.2568 
   00002    0.3440 -12401239.3082  0.2621 
   00003    0.3164 -14164574.2357  0.2632 
   00004    0.2708 -15530865.9784  0.2697 
   00005    0.2400 -16646086.8938  0.2746 
   00006    0.2052 -17560821.1865  0.2718 
   00007    0.1992 -18353158.3771  0.2731 
   00008    0.1816 -18957965.3752  0.2775 
   00009    0.1548 -19449735.2591  0.2761 
   00010    0.1432 -19870563.9218  0.2786 
   00011    0.1516 -20200071.1008  0.2800 
   00012    0.1372 -20461827.9724  0.2801 
   00013    0.1196 -20738314.7521  0.2802 
   00014    0.1212 -20956557.0206  0.2802 
   00015    0.1100 -21117135.5393  0.2802 
   00016    0.1200 -21301655.3547  0.2769 
   00017    0.1156 -21452842.4006  0.2744 
   00018    0.1084 -21606524.9899  0.2733 
   00019    0.0980 -21709747.8034  0.2712 
   00020    0.0848 -21785182.0892  0.2713 
   00021    0.0984 -21896841.5860  0.2690 
   00022    0.0904 -21972282.0789  0.2691 
   00023    0.0856 -22046379.3761  0.2691 
   00024    0.0804 -22135134.5619  0.2685 
   00025    0.0748 -22203024.6902  0.2687 
