#=====================================================
# File created:        Fri-15-Mar-2024-at-01-03-09AM
# Size of lattice:     50x50
# Number of MC steps:  175
# Reduced temperature: 0.500
# Run time (s):        9.802033
#=====================================================
# MC step:  Ratio:     Energy:   Order:
#=====================================================
   00000    0.5000 -6247862.7163  0.2731 
   00001    0.4532 -9790319.9231  0.2844 
   00002    0.3452 -12277161.3197  0.2901 
   00003    0.3020 -14103453.6973  0.3010 
   00004    0.2588 -15306104.0905  0.3096 
   00005    0.2428 -16506168.6645  0.3182 
   00006    0.2244 -17482860.9156  0.3271 
   00007    0.2012 -18225172.2757  0.3334 
   00008    0.1888 -18806679.3853  0.3408 
   00009    0.1572 -19271742.3561  0.3464 
   00010    0.1608 -19763420.7775  0.3498 
   00011    0.1476 -20128402.6490  0.3504 
   00012    0.1436 -20460878.1981  0.3537 
   00013    0.1488 -20765779.6578  0.3579 
   00014    0.1172 -21020006.2241  0.3614 
   00015    0.1156 -21214892.5607  0.3629 
   00016    0.1196 -21415701.8413  0.3664 
   00017    0.1040 -21617790.8390  0.3709 
   00018    0.1128 -21755033.0286  0.3719 
   00019    0.1000 -21877976.4567  0.3733 
   00020    0.1008 -21997338.1554  0.3736 
   00021    0.0924 -22099338.5455  0.3734 
   00022    0.0792 -22176680.6634  0.3733 
   00023    0.0860 -22266621.7062  0.3747 
   00024    0.0792 -22338919.3909  0.3758 
   00025    0.0840 -22406353.6965  0.3771 
   00026    0.0696 -22451936.1099  0.3772 
   00027    0.0680 -22500445.9230  0.3775 
   00028    0.0816 -22541933.5316  0.3772 
   00029    0.0668 -22601380.8479  0.3794 
   00030    0.0772 -22654111.5994  0.3813 
   00031    0.0664 -22696011.4579  0.3816 
   00032    0.0764 -22734237.8519  0.3821 
   00033    0.0736 -22781346.4016  0.3834 
   00034    0.0648 -22812425.7283  0.3842 
   00035    0.0672 -22838294.6671  0.3846 
   00036    0.0648 -22874643.1130  0.3870 
   00037    0.0564 -22898151.2917  0.3874 
   00038    0.0576 -22926625.6481  0.3866 
   00039    0.0656 -22960612.0610  0.3870 
   00040    0.0616 -22986607.8669  0.3874 
   00041    0.0512 -23006371.3022  0.3873 
   00042    0.0576 -23032202.8151  0.3874 
   00043    0.0472 -23054727.9951  0.3883 
   00044    0.0540 -23074152.7663  0.3894 
   00045    0.0484 -23098726.2081  0.3901 
   00046    0.0560 -23121581.0495  0.3908 
   00047    0.0488 -23139582.7503  0.3910 
   00048    0.0600 -23168667.8974  0.3916 
   00049    0.0544 -23194157.7369  0.3917 
   00050    0.0548 -23211442.5053  0.3920 
   00051    0.0448 -23227893.3899  0.3923 
   00052    0.0536 -23246869.4482  0.3930 
   00053    0.0532 -23269785.7619  0.3937 
   00054    0.0476 -23281094.5876  0.3940 
   00055    0.0468 -23303716.3287  0.3937 
   00056    0.0480 -23321398.8888  0.3938 
   00057    0.0520 -23337619.5641  0.3947 
   00058    0.0432 -23352843.5885  0.3950 
   00059    0.0460 -23366352.7562  0.3948 
   00060    0.0472 -23375665.8142  0.3955 
   00061    0.0392 -23394437.7567  0.3962 
   00062    0.0516 -23408930.2930  0.3969 
   00063    0.0448 -23418236.4264  0.3969 
   00064    0.0384 -23427016.7222  0.3970 
   00065    0.0408 -23441017.5887  0.3970 
   00066    0.0356 -23449793.8367  0.3974 
   00067    0.0348 -23459087.6900  0.3982 
   00068    0.0352 -23469436.7887  0.3976 
   00069    0.0356 -23474061.4533  0.3978 
   00070    0.0336 -23479289.2609  0.3980 
   00071    0.0360 -23484864.0057  0.3981 
   00072    0.0356 -23491805.3281  0.3984 
   00073    0.0364 -23499710.4052  0.3987 
   00074    0.0332 -23504336.4779  0.3993 
   00075    0.0376 -23513587.4289  0.3999 
   00076    0.0440 -23531103.4950  0.4006 
   00077    0.0320 -23537127.3521  0.4011 
   00078    0.0260 -23544941.9001  0.4015 
   00079    0.0404 -23553635.5926  0.4020 
   00080    0.0396 -23567844.6837  0.4027 
   00081    0.0412 -23583535.3677  0.4034 
   00082    0.0364 -23594183.7190  0.4038 
   00083    0.0348 -23604811.6667  0.4033 
   00084    0.0324 -23611920.4940  0.4033 
   00085    0.0348 -23619971.4217  0.4040 
   00086    0.0308 -23632728.5078  0.4043 
   00087    0.0296 -23637093.5483  0.4040 
   00088    0.0360 -23641456.2159  0.4045 
   00089    0.0352 -23650617.1612  0.4053 
   00090    0.0360 -23654703.7492  0.4055 
   00091    0.0340 -23663598.1683  0.4058 
   00092    0.0376 -23671210.2687  0.4063 
   00093    0.0360 -23675627.9434  0.4068 
   00094    0.0264 -23678638.8244  0.4074 
   00095    0.0260 -23681959.6488  0.4076 
   00096    0.0392 -23689071.1290  0.4086 
   00097    0.0336 -23701754.7339  0.4096 
   00098    0.0340 -23713170.4264  0.4106 
   00099    0.0352 -23719203.3349  0.4110 
   00100    0.0324 -23721955.0413  0.4114 
   00101    0.0320 -23726991.6101  0.4119 
   00102    0.0248 -23733311.7510  0.4125 
   00103    0.0340 -23741704.3018  0.4129 
   00104    0.0316 -23747731.5803  0.4133 
   00105    0.0292 -23755008.9321  0.4135 
   00106    0.0348 -23765515.1967  0.4146 
   00107    0.0328 -23772589.9184  0.4148 
   00108    0.0276 -23774410.2867  0.4150 
   00109    0.0220 -23777542.2846  0.4148 
   00110    0.0316 -23783218.3363  0.4153 
   00111    0.0300 -23786143.5302  0.4157 
   00112    0.0308 -23790401.0140  0.4159 
   00113    0.0300 -23791898.3898  0.4160 
   00114    0.0296 -23795118.3845  0.4163 
   00115    0.0264 -23797331.6654  0.4162 
   00116    0.0264 -23801349.1064  0.4166 
   00117    0.0300 -23804555.7016  0.4170 
   00118    0.0260 -23807448.0819  0.4174 
   00119    0.0268 -23809420.8476  0.4176 
   00120    0.0268 -23813643.7660  0.4179 
   00121    0.0208 -23815730.2687  0.4181 
   00122    0.0252 -23818841.5539  0.4183 
   00123    0.0316 -23821835.6556  0.4186 
   00124    0.0284 -23823470.0096  0.4188 
   00125    0.0268 -23826543.3839  0.4189 
   00126    0.0300 -23829166.2472  0.4192 
   00127    0.0336 -23833734.2491  0.4197 
   00128    0.0332 -23836107.4211  0.4197 
   00129    0.0288 -23838767.3279  0.4199 
   00130    0.0272 -23841288.1543  0.4200 
   00131    0.0216 -23843035.3514  0.4200 
   00132    0.0244 -23845052.7536  0.4202 
   00133    0.0232 -23847202.2836  0.4205 
   00134    0.0200 -23848498.8330  0.4204 
   00135    0.0264 -23851042.5384  0.4208 
   00136    0.0228 -23852236.6822  0.4210 
   00137    0.0240 -23853990.7421  0.4213 
   00138    0.0160 -23854677.6478  0.4213 
   00139    0.0216 -23855841.9246  0.4215 
   00140    0.0208 -23856682.3442  0.4214 
   00141    0.0312 -23857991.7891  0.4215 
   00142    0.0244 -23859988.7163  0.4215 
   00143    0.0208 -23861166.2188  0.4218 
   00144    0.0220 -23862286.4980  0.4220 
   00145    0.0224 -23863566.7010  0.4222 
   00146    0.0216 -23865349.5860  0.4224 
   00147    0.0228 -23866473.2403  0.4226 
   00148    0.0236 -23867681.3525  0.4226 
   00149    0.0248 -23869058.4333  0.4229 
   00150    0.0240 -23870621.3340  0.4231 
   00151    0.0248 -23871790.5450  0.4232 
   00152    0.0272 -23873364.8052  0.4233 
   00153    0.0232 -23875059.7816  0.4235 
   00154    0.0252 -23877014.3507  0.4234 
   00155    0.0216 -23878266.0815  0.4234 
   00156    0.0256 -23879456.0296  0.4237 
   00157    0.0308 -23881687.7971  0.4238 
   00158    0.0228 -23883207.3713  0.4238 
   00159    0.0236 -23884276.5329  0.4241 
   00160    0.0212 -23885158.0401  0.4241 
   00161    0.0172 -23886050.1353  0.4243 
   00162    0.0212 -23887196.5577  0.4245 
   00163    0.0236 -23888433.4493  0.4247 
   00164    0.0196 -23889272.7999  0.4247 
   00165    0.0244 -23889944.5067  0.4248 
   00166    0.0284 -23891163.1393  0.4249 
   00167    0.0260 -23892747.6237  0.4250 
   00168    0.0228 -23894242.3162  0.4250 
   00169    0.0244 -23895325.1239  0.4252 
   00170    0.0264 -23896476.7706  0.4253 
   00171    0.0200 -23897108.9682  0.4253 
   00172    0.0240 -23898035.8235  0.4256 
   00173    0.0168 -23898533.0132  0.4256 
   00174    0.0248 -23899661.1548  0.4258 
   00175    0.0220 -23900877.7533  0.4259 
