#=====================================================
# File created:        Fri-15-Mar-2024-at-01-02-15AM
# Size of lattice:     50x50
# Number of MC steps:  100
# Reduced temperature: 0.500
# Run time (s):        5.680846
#=====================================================
# MC step:  Ratio:     Energy:   Order:
#=====================================================
   00000    0.5000 -6302763.1201  0.2572 
   00001    0.4332 -9797464.1907  0.2624 
   00002    0.3556 -12404733.7313  0.2605 
   00003    0.3040 -14085163.5698  0.2665 
   00004    0.2628 -15584334.6980  0.2746 
   00005    0.2296 -16729983.2000  0.2824 
   00006    0.2076 -17578432.3992  0.2900 
   00007    0.1980 -18361382.5415  0.2996 
   00008    0.1904 -18969696.1095  0.3046 
   00009    0.1704 -19477042.6855  0.3068 
   00010    0.1648 -19951639.2189  0.3092 
   00011    0.1488 -20342404.6485  0.3099 
   00012    0.1308 -20616227.5595  0.3119 
   00013    0.1300 -20907782.0535  0.3128 
   00014    0.1344 -21151444.4796  0.3159 
   00015    0.1164 -21323776.1494  0.3143 
   00016    0.1112 -21479097.8895  0.3147 
   00017    0.1052 -21612131.8040  0.3149 
   00018    0.1028 -21738142.3688  0.3151 
   00019    0.1092 -21869046.2494  0.3166 
   00020    0.1060 -21984814.9302  0.3182 
   00021    0.0904 -22062512.6970  0.3202 
   00022    0.0916 -22140500.6899  0.3229 
   00023    0.0880 -22212916.2514  0.3247 
   00024    0.0744 -22275005.4928  0.3258 
   00025    0.0764 -22330356.5962  0.3260 
   00026    0.0856 -22401092.3089  0.3274 
   00027    0.0724 -22444306.2526  0.3284 
   00028    0.0756 -22496040.3116  0.3288 
   00029    0.0652 -22532736.5576  0.3305 
   00030    0.0700 -22571945.9810  0.3311 
   00031    0.0808 -22639594.4644  0.3329 
   00032    0.0640 -22676322.1850  0.3340 
   00033    0.0620 -22710365.8963  0.3353 
   00034    0.0684 -22745045.3151  0.3369 
   00035    0.0708 -22806420.4995  0.3394 
   00036    0.0592 -22842320.6896  0.3403 
   00037    0.0560 -22869205.5760  0.3409 
   00038    0.0596 -22896064.9275  0.3406 
   00039    0.0656 -22940459.4227  0.3417 
   00040    0.0576 -22964854.9485  0.3411 
   00041    0.0604 -22992070.6891  0.3418 
   00042    0.0596 -23018102.1519  0.3421 
   00043    0.0536 -23046280.4587  0.3434 
   00044    0.0516 -23069519.6477  0.3437 
   00045    0.0560 -23095747.8789  0.3443 
   00046    0.0548 -23135873.3635  0.3438 
   00047    0.0548 -23153968.9332  0.3439 
   00048    0.0504 -23181776.3649  0.3444 
   00049    0.0424 -23199240.9863  0.3448 
   00050    0.0492 -23215307.8799  0.3444 
   00051    0.0408 -23227040.9719  0.3448 
   00052    0.0448 -23240242.5706  0.3458 
   00053    0.0560 -23260633.4203  0.3456 
   00054    0.0472 -23273936.2935  0.3461 
   00055    0.0464 -23294844.3022  0.3469 
   00056    0.0460 -23306245.8807  0.3470 
   00057    0.0412 -23314651.9758  0.3480 
   00058    0.0472 -23326047.2821  0.3492 
   00059    0.0440 -23340713.6977  0.3498 
   00060    0.0384 -23357388.7254  0.3503 
   00061    0.0452 -23370871.0476  0.3503 
   00062    0.0444 -23379650.4580  0.3506 
   00063    0.0488 -23388986.0034  0.3513 
   00064    0.0424 -23406069.2025  0.3516 
   00065    0.0372 -23416657.4040  0.3524 
   00066    0.0396 -23423025.2649  0.3526 
   00067    0.0380 -23432092.9906  0.3534 
   00068    0.0420 -23441315.5170  0.3532 
   00069    0.0412 -23448905.6950  0.3539 
   00070    0.0400 -23455361.0747  0.3543 
   00071    0.0392 -23461237.1453  0.3544 
   00072    0.0344 -23466616.0793  0.3542 
   00073    0.0408 -23474663.8997  0.3544 
   00074    0.0348 -23481987.5755  0.3550 
   00075    0.0408 -23490078.8626  0.3554 
   00076    0.0384 -23496096.9388  0.3560 
   00077    0.0384 -23501225.9707  0.3561 
   00078    0.0428 -23506709.9455  0.3561 
   00079    0.0440 -23514599.4415  0.3566 
   00080    0.0344 -23519710.4665  0.3568 
   00081    0.0368 -23524423.4880  0.3567 
   00082    0.0364 -23529957.3443  0.3573 
   00083    0.0372 -23534658.5889  0.3572 
   00084    0.0356 -23538422.7816  0.3572 
   00085    0.0312 -23543515.3331  0.3573 
   00086    0.0336 -23547611.0276  0.3575 
   00087    0.0368 -23554764.1317  0.3580 
   00088    0.0304 -23559477.2529  0.3581 
   00089    0.0320 -23566996.6848  0.3589 
   00090    0.0444 -23576564.8763  0.3587 
   00091    0.0380 -23585653.1174  0.3586 
   00092    0.0292 -23591881.0292  0.3586 
   00093    0.0372 -23600437.9250  0.3584 
   00094    0.0296 -23602810.1240  0.3583 
   00095    0.0352 -23607301.1574  0.3586 
   00096    0.0352 -23615097.2390  0.3586 
   00097    0.0296 -23623130.8187  0.3590 
   00098    0.0260 -23626977.3965  0.3593 
   00099    0.0312 -23630084.5738  0.3594 
   00100    0.0344 -23635034.9212  0.3596 
