#=====================================================
# File created:        Fri-15-Mar-2024-at-01-01-32AM
# Size of lattice:     50x50
# Number of MC steps:  50
# Reduced temperature: 0.500
# Run time (s):        2.808040
#=====================================================
# MC step:  Ratio:     Energy:   Order:
#=====================================================
   00000    0.5000 -6294607.0141  0.2590 
   00001    0.4304 -10057571.7921  0.2811 
   00002    0.3580 -12470955.5938  0.2915 
   00003    0.3120 -14362068.0853  0.2994 
   00004    0.2816 -15694632.8005  0.3096 
   00005    0.2408 -16713386.6464  0.3123 
   00006    0.2064 -17557443.4554  0.3189 
   00007    0.1868 -18248838.1501  0.3247 
   00008    0.1860 -18884330.1791  0.3293 
   00009    0.1664 -19341595.1343  0.3358 
   00010    0.1604 -19786316.5585  0.3421 
   00011    0.1500 -20138301.8340  0.3452 
   00012    0.1364 -20409974.4060  0.3518 
   00013    0.1348 -20678675.1428  0.3570 
   00014    0.1244 -20899607.0051  0.3591 
   00015    0.1220 -21102450.1224  0.3639 
   00016    0.1136 -21286636.7030  0.3674 
   00017    0.0892 -21412101.2934  0.3695 
   00018    0.1004 -21534686.8947  0.3705 
   00019    0.0932 -21637190.8093  0.3726 
   00020    0.0828 -21730056.8217  0.3735 
   00021    0.0944 -21831654.2615  0.3778 
   00022    0.0848 -21908597.0584  0.3796 
   00023    0.0836 -21995140.2329  0.3813 
   00024    0.0912 -22072226.7319  0.3833 
   00025    0.0848 -22138489.4460  0.3829 
   00026    0.0844 -22214281.5949  0.3854 
   00027    0.0808 -22287576.0439  0.3865 
   00028    0.0660 -22335710.7174  0.3880 
   00029    0.0836 -22392890.5185  0.3890 
   00030    0.0736 -22444814.5622  0.3908 
   00031    0.0752 -22485360.1749  0.3933 
   00032    0.0644 -22529866.3995  0.3957 
   00033    0.0676 -22574112.4190  0.3974 
   00034    0.0692 -22611236.1979  0.3985 
   00035    0.0660 -22652962.6747  0.4002 
   00036    0.0656 -22691810.5700  0.4013 
   00037    0.0656 -22729692.1305  0.4035 
   00038    0.0692 -22757487.0397  0.4043 
   00039    0.0632 -22792684.3645  0.4064 
   00040    0.0504 -22839087.3570  0.4076 
   00041    0.0652 -22869226.5390  0.4099 
   00042    0.0560 -22896559.8976  0.4122 
   00043    0.0564 -22923913.8876  0.4133 
   00044    0.0500 -22949050.1986  0.4153 
   00045    0.0536 -22975337.1621  0.4166 
   00046    0.0508 -22997699.7070  0.4174 
   00047    0.0528 -23021056.4852  0.4190 
   00048    0.0456 -23037077.0493  0.4205 
   00049    0.0576 -23057330.6943  0.4214 
   00050    0.0432 -23066150.3457  0.4222 
